['人工知能'] 0 17 []
['じんこうちのう'] 1 17 []
['AI'] 2 3 []
['〈エーアイ〉とは'] 3 17 [2]
['計算'] 4 5 []
['という'] 5 9 [4]
['概念と'] 6 9 []
['コンピュータ'] 7 8 []
['という'] 8 9 [7]
['道具を'] 9 10 [5, 6, 8]
['用いて'] 10 12 [9]
['知能を'] 11 12 []
['研究する'] 12 13 [10, 11]
['計算機科学'] 13 14 [12]
['の'] 14 15 [13]
['一分野を'] 15 16 [14]
['指す'] 16 17 [15]
['語'] 17 34 [0, 1, 3, 16]
['言語の'] 18 20 []
['理解や'] 19 20 []
['推論'] 20 21 [18, 19]
['問題解決などの'] 21 22 [20]
['知的行動を'] 22 24 [21]
['人間に'] 23 24 []
['代わって'] 24 26 [22, 23]
['コンピューターに'] 25 26 []
['行わせる'] 26 27 [24, 25]
['技術または'] 27 34 [26]
['計算機'] 28 29 []
['コンピュータによる'] 29 31 [28]
['知的な'] 30 31 []
['情報処理システムの'] 31 33 [29, 30]
['設計や'] 32 33 []
['実現に関する'] 33 34 [31, 32]
['研究分野とも'] 34 35 [17, 27, 33]
['される'] 35 -1 [34]